year,month,day,count,cases
2020,2,13,1,1
2020,2,26,2,2,3
2020,2,27,1,4
2020,2,28,1,5
2020,3,1,1,6
2020,3,8,1,7
2020,3,9,2,8,9
2020,3,10,3,10,11,12
2020,3,11,3,13,14,15
2020,3,12,4,16,17,18,19
2020,3,13,2,20,21
2020,3,14,1,22
2020,3,15,2,23,24
2020,3,16,4,25,26,27,28
2020,3,17,1,29
2020,3,18,2,30,31
2020,3,19,2,32,33
2020,3,20,2,34,35
2020,3,21,1,36
2020,3,22,5,37,38,39,40,41
2020,3,23,1,42
2020,3,24,1,43
2020,3,25,2,44,45
2020,3,26,1,46
2020,3,27,2,47,48
2020,3,28,3,49,50,51
2020,3,29,2,52,53
